-1 -1
0 2
2 2
1078 2
851 2
221 2
271 2
74 2
454 2
69 2
53 2
209 2
256 2
250 2
124 2
206 2
4 1
233 2
616 15
557 2
473 2
10 2
506 2
284 2
37 2
14 1
1 2
145 2
157 2
35 0
7 49
103 5
93 2
15 5
6 7
151 6
82 9
25 0
227 2
509 2
588 2
334 1
133 2
237 1
561 2
56 1
173 15
214 2
275 2
108 2
613 2
164 2
16 2
58 2
41 2
197 2
12 1
19 1
369 2
260 42
257 2
118 15
149 2
77 5
850 15
175 15
50 15
389 15
429 1
230 2
775 7
278 7
606 15
36 9
130 13
98 12
33 3
518 5
11 5
141 2
425 2
474 7
277 7
226 2
45 5
301 7
380 2
322 2
251 2
147 1
23 5
974 2
564 2
1250 2
453 2
773 60
546 2
689 2
1247 2
340 2
193 2
870 2
47 1
1085 1
634 1
553 2
199 1
179 2
96 2
72 49
68 2
497 2
1226 2
273 42
236 1
52 2
989 7
776 1
1149 2
847 2
215 2
131 15
280 2
229 2
559 1
909 2
421 2
785 1
590 2
468 2
244 15
765 1
216 2
312 1
701 15
291 1
592 2
569 2
336 2
3 3
270 3
980 3
192 3
38 3
184 3
563 3
767 3
22 13
158 9
308 3
48 3
748 3
137 3
46 3
88 3
95 3
307 3
99 3
57 3
70 3
75 3
402 3
62 3
120 3
804 3
107 3
658 3
1080 3
1025 3
410 3
743 3
471 3
829 3
1104 3
846 3
962 3
574 3
908 3
899 3
918 3
854 3
525 3
589 3
900 3
406 3
379 1
755 1
556 1
180 1
633 1
786 47
617 1
362 5
390 1
335 2
198 2
159 4
5 5
106 5
32 5
110 5
9 5
26 5
76 5
531 5
211 5
125 5
393 5
463 5
182 5
80 5
31 5
507 5
101 5
39 5
24 5
21 5
283 5
310 5
153 5
8 5
814 5
135 5
723 5
86 5
319 5
254 5
121 5
333 22
67 5
92 5
113 5
399 5
223 5
632 5
947 5
64 7
73 7
409 7
122 7
318 7
146 7
414 7
78 7
246 7
451 7
89 7
156 7
105 7
269 7
224 7
54 7
299 6
195 7
377 7
126 9
66 13
435 23
140 5
155 13
104 9
150 9
136 13
530 9
945 23
28 9
172 9
61 5
515 5
1266 5
411 3
946 9
622 12
84 5
481 5
508 5
90 5
262 5
81 5
618 5
1261 5
352 9
376 9
127 9
119 9
243 13
311 5
128 5
388 2
263 8
461 5
741 5
678 22
288 1
504 1
671 1
495 7
533 1
709 1
500 1
951 1
584 4
309 4
627 4
316 4
148 32
459 2
455 4
781 1
13 9
87 9
756 9
615 9
526 9
1095 9
170 9
404 9
1028 9
418 9
181 9
603 9
302 9
697 9
1202 9
1092 9
570 9
249 9
1238 9
100 9
1056 9
478 9
367 9
375 9
368 9
276 9
201 9
188 9
317 9
489 9
430 9
115 9
551 9
529 9
528 9
279 9
643 9
624 9
669 9
401 9
519 22
321 12
630 28
29 10
190 9
97 13
305 13
724 1
344 12
578 1
673 1
1145 1
143 5
666 5
228 5
467 5
726 7
241 7
163 7
17 12
245 12
165 12
40 12
63 12
191 12
44 12
109 12
30 12
298 12
162 12
83 12
55 12
134 12
27 12
628 12
365 11
452 12
178 12
719 12
154 12
1252 12
282 12
286 12
324 11
745 12
176 12
281 11
169 12
422 12
516 12
665 12
160 12
674 12
116 12
111 11
400 12
49 12
648 12
827 11
431 12
123 12
914 12
809 12
725 12
465 12
1163 12
572 12
18 12
207 12
208 11
863 11
819 11
1172 12
407 12
261 12
323 11
784 12
361 12
705 12
660 12
338 12
374 12
547 12
204 12
71 12
142 12
444 12
913 12
1212 12
752 11
527 11
168 11
722 11
1032 11
511 11
177 11
326 11
625 11
1097 12
545 9
20 13
161 13
240 13
759 13
480 13
359 13
667 13
417 13
218 13
285 13
42 13
332 13
391 13
331 13
222 13
657 13
659 13
386 13
591 13
166 13
343 13
420 13
835 13
248 5
187 13
185 13
297 13
664 13
34 13
825 13
327 13
607 13
328 13
612 13
231 13
325 13
183 13
398 5
1052 5
330 5
1125 5
629 9
1079 0
1017 3
304 5
239 5
132 12
514 12
721 12
259 12
1051 12
694 12
562 12
479 12
457 12
315 27
599 12
555 12
290 9
585 9
929 9
693 9
355 9
639 9
749 9
477 9
1100 10
1075 10
1073 10
1066 10
1072 10
1071 10
1070 10
1069 10
1068 10
1067 10
1065 10
1064 10
1063 10
1076 10
1074 10
978 10
761 10
647 45
1205 10
1219 10
424 18
521 61
543 29
855 10
1026 10
1023 12
212 12
217 9
503 12
943 12
1088 27
356 12
806 12
1034 12
264 28
194 13
953 3
112 3
538 3
818 3
684 3
65 3
306 3
449 3
895 13
372 13
744 13
995 13
772 13
419 9
549 0
490 45
413 9
771 9
1007 9
695 15
117 2
641 3
732 3
174 3
580 3
683 3
253 12
803 12
720 12
358 2
91 7
566 13
958 53
859 13
213 14
60 13
43 7
889 7
363 7
295 7
382 7
102 7
510 7
347 7
499 7
610 7
565 7
534 7
427 7
94 7
348 7
548 7
830 7
496 7
416 12
1096 12
1030 12
351 3
470 3
171 3
520 3
378 3
448 3
718 81
523 3
934 1
552 32
579 62
764 3
710 3
1180 3
408 3
649 62
794 3
542 12
1061 12
1128 12
85 15
623 15
349 15
412 15
423 7
736 15
626 32
272 32
715 15
51 17
737 16
303 17
763 40
235 18
940 89
919 17
1013 40
798 26
598 49
887 19
220 11
993 17
1081 24
1156 17
805 20
920 17
670 19
1103 17
663 18
753 22
740 6
200 6
817 17
1035 17
289 7
152 22
790 17
445 6
1133 17
1042 6
907 21
712 24
1083 6
524 17
644 15
392 2
300 2
654 7
911 12
1089 1
138 3
484 3
758 3
927 2
59 22
488 22
498 22
766 22
880 22
852 22
640 22
793 22
637 22
896 22
716 22
593 22
466 23
366 7
265 3
1174 22
949 23
879 22
609 13
364 13
144 13
822 13
320 13
788 13
353 13
903 13
795 13
234 13
568 13
387 13
450 5
1084 5
232 3
385 7
937 7
687 3
746 13
1018 13
1003 13
583 2
255 12
964 12
464 7
878 7
611 7
661 8
891 7
1127 7
698 7
904 3
952 7
700 7
933 7
517 7
437 7
79 24
922 19
1184 24
1124 24
901 25
1144 24
1207 24
692 26
1005 40
650 67
1126 24
1192 24
1009 19
1159 24
1283 24
1150 24
704 42
1216 24
433 12
287 27
313 27
532 12
602 5
1189 5
677 5
1273 9
469 9
475 9
371 7
883 7
656 7
972 7
405 7
731 7
537 7
210 7
252 7
884 7
735 7
196 7
381 13
915 13
203 3
872 9
357 9
268 2
1258 5
923 7
1010 7
1157 7
826 7
292 7
865 7
487 7
1134 7
370 7
544 9
944 86
601 9
1000 7
808 17
296 3
1090 11
114 9
837 23
963 9
655 9
384 13
956 2
1006 9
1120 7
1229 7
685 7
1060 12
811 12
1093 5
942 9
129 38
739 38
843 29
247 38
139 29
821 30
696 68
864 30
813 38
426 38
587 45
728 38
554 38
970 29
810 38
415 12
688 12
1196 12
1223 5
779 0
976 29
691 45
1136 29
638 31
436 31
494 45
350 5
493 12
894 12
267 7
997 7
686 7
893 7
681 7
645 32
621 32
428 32
600 9
1271 13
1087 7
796 60
950 4
801 4
653 43
586 4
888 12
747 12
345 12
832 33
1050 12
828 7
293 23
831 2
167 15
833 15
1114 12
1048 12
675 3
703 34
492 3
783 12
646 12
834 12
1264 1
965 9
1019 64
238 13
820 13
550 13
905 13
979 3
186 35
844 35
1253 35
447 35
1091 35
1021 35
742 36
604 35
1058 37
986 35
595 35
575 9
189 38
714 38
1039 39
258 45
792 38
690 45
990 31
396 38
1167 38
727 38
877 45
1094 9
472 38
857 7
898 7
594 7
636 7
807 7
1233 6
680 40
760 6
202 22
512 9
842 43
733 51
205 7
985 7
711 7
815 73
1118 7
1182 2
926 14
608 14
973 14
799 14
892 83
502 14
917 52
925 14
1036 52
1024 14
871 2
984 13
219 12
1113 12
1053 11
812 41
1046 41
225 7
560 7
672 42
483 13
567 13
839 13
897 13
605 7
768 18
242 43
614 43
912 43
346 43
522 43
438 43
394 43
476 43
505 44
906 7
397 28
679 7
1109 7
1169 12
573 45
486 45
460 45
769 45
1224 45
513 12
294 8
1055 87
1235 3
266 27
337 27
442 27
631 7
651 7
395 2
274 7
738 7
848 9
1210 27
750 9
558 9
1004 9
751 23
577 23
1155 8
730 46
816 46
1037 70
1230 8
541 7
403 7
314 47
540 47
339 47
354 47
441 47
535 47
439 47
440 47
882 4
977 13
329 31
948 31
536 13
1255 1
960 47
874 48
341 48
1276 48
921 48
491 60
1234 48
939 60
975 60
342 49
676 49
774 1
754 49
862 33
456 43
770 7
482 9
924 9
360 12
1194 12
1130 12
992 7
1203 9
501 13
373 12
1062 50
966 13
868 7
383 45
869 45
876 39
762 51
849 74
619 64
432 52
932 56
1011 52
1002 52
434 9
1161 9
443 53
998 53
1105 53
1142 53
1123 53
446 54
576 55
717 56
941 55
1153 54
1154 54
708 57
928 58
1040 59
838 35
782 3
458 9
1122 2
866 45
1086 45
1280 45
462 6
1244 6
1033 7
581 7
1151 9
485 12
1211 12
1217 7
875 60
1146 60
1246 45
1208 14
1001 44
1176 2
1139 61
988 61
860 61
824 43
1022 9
539 9
635 7
1077 7
982 0
1137 7
996 7
571 62
620 62
1200 9
1059 55
886 81
841 57
1198 23
582 3
1160 22
1170 35
596 63
1038 67
1282 63
1016 63
840 16
597 7
789 7
1236 9
1043 76
1197 64
777 28
1162 7
983 65
642 66
780 66
1166 67
652 9
1020 85
1193 9
662 5
668 13
1015 80
682 28
1045 68
1284 9
699 3
967 69
702 3
885 34
867 34
706 9
707 43
713 13
1227 56
1259 56
1249 12
729 70
1231 70
734 32
1178 32
1239 36
757 59
1047 3
778 7
1031 12
787 12
791 71
881 71
1220 71
797 9
800 5
802 72
1044 72
1008 73
823 9
1129 2
836 7
1278 7
845 38
954 74
853 12
856 9
1237 9
858 7
861 7
873 9
890 4
1014 25
902 75
1225 75
1164 75
1243 75
910 76
1029 76
916 66
1041 58
930 7
931 12
935 77
1213 77
936 35
938 7
955 7
957 5
959 78
1158 78
961 20
968 22
969 79
1257 79
971 61
981 80
1098 65
987 7
991 43
994 31
999 49
1012 37
1027 0
1049 3
1054 82
1221 82
1185 82
1057 83
1251 50
1082 36
1099 49
1101 84
1254 84
1102 2
1106 9
1107 13
1108 13
1110 12
1111 12
1112 21
1115 9
1116 9
1117 23
1119 9
1121 85
1131 86
1132 7
1135 45
1138 13
1140 3
1141 3
1143 3
1147 3
1148 12
1152 87
1165 23
1168 26
1171 12
1173 29
1175 49
1177 9
1179 88
1215 88
1181 0
1183 14
1186 69
1187 35
1188 35
1190 57
1191 57
1195 5
1199 9
1201 3
1206 32
1209 18
1214 38
1218 17
1222 13
1228 14
1232 9
1240 7
1241 89
1242 2
1245 38
1248 5
1256 7
1260 29
1262 13
1263 12
1265 12
1267 12
1268 43
1269 0
1270 13
1272 13
1274 90
1204 90
1275 3
1277 45
1279 51
1281 12
-1 -1
0 0
1 1
2 1
3 2
4 1
5 3
6 8
7 4
8 4
9 0
10 12
11 5
12 5
13 6
14 11
15 1
16 7
17 8
18 8
19 8
20 4
21 8
22 9
23 9
24 8
25 8
26 7
27 5
28 12
29 12
30 12
31 12
32 1
33 5
34 10
35 11
36 11
37 15
38 12
39 12
40 8
41 5
42 1
43 13
44 13
45 12
46 4
47 14
48 16
49 0
50 0
51 9
52 11
53 6
54 15
55 15
56 15
57 15
58 15
59 15
60 16
61 12
62 2
63 7
64 0
65 0
66 11
67 7
68 12
69 2
70 4
71 9
72 0
73 4
74 0
75 17
76 0
77 20
78 12
79 16
80 2
81 15
82 18
83 11
84 19
85 0
86 20
87 2
88 21
89 8
90 22
-1 -1
0 0
1 1
2 2
3 3
4 4
5 5
6 6
7 7
8 7
9 7
10 8
11 9
12 10
13 11
14 12
15 9
16 13
17 14
18 15
19 16
20 0
21 17
22 18
-1 -1
0 0
1 1
2 2
3 3
4 4
5 5
6 6
7 7
8 8
9 9
10 10
11 11
12 12
13 13
14 14
15 15
16 16
17 17
18 18
