0 1
2 1
1078 1
851 1
221 1
271 1
74 1
454 1
69 1
53 1
209 1
256 1
250 1
124 1
206 1
4 1
233 1
616 1
557 1
473 1
10 1
506 1
284 1
37 1
14 1
1 1
145 1
157 1
35 0
7 0
103 3
93 1
15 3
6 4
151 8
82 0
25 0
227 1
509 1
588 1
334 1
133 1
237 1
561 1
56 1
173 1
214 1
275 1
108 1
613 1
164 1
16 1
58 1
41 1
197 1
12 1
19 1
369 1
260 1
257 1
118 1
149 1
77 3
850 1
175 1
50 1
389 1
429 1
230 1
775 4
278 4
606 1
36 0
130 6
98 5
33 2
518 3
11 3
141 1
425 1
474 4
277 4
226 1
45 3
301 4
380 1
322 1
251 1
147 1
23 3
974 1
564 1
1250 1
453 1
773 16
546 1
689 1
1247 1
340 1
193 1
870 1
47 1
1085 1
634 1
553 1
199 1
179 1
96 1
72 0
68 1
497 1
1226 1
273 1
236 1
52 1
989 4
776 1
1149 1
847 1
215 1
131 1
280 1
229 1
559 1
909 1
421 1
785 1
590 1
468 1
244 1
765 1
216 1
312 1
701 1
291 1
592 1
569 1
336 1
3 2
270 2
980 2
192 2
38 2
184 2
563 2
767 2
22 6
158 0
308 2
48 2
748 2
137 2
46 2
88 2
95 2
307 2
99 2
57 2
70 2
75 2
402 2
62 2
120 2
804 2
107 2
658 2
1080 2
1025 2
410 2
743 2
471 2
829 2
1104 2
846 2
962 2
574 2
908 2
899 2
918 2
854 2
525 2
589 2
900 2
406 2
379 1
755 1
556 1
180 1
633 1
786 14
617 1
362 3
390 1
335 1
198 1
159 1
5 3
106 3
32 3
110 3
9 3
26 3
76 3
531 3
211 3
125 3
393 3
463 3
182 3
80 3
31 3
507 3
101 3
39 3
24 3
21 3
283 3
310 3
153 3
8 3
814 3
135 3
723 3
86 3
319 3
254 3
121 3
333 9
67 3
92 3
113 3
399 3
223 3
632 3
947 3
64 4
73 4
409 4
122 4
318 4
146 4
414 4
78 4
246 4
451 4
89 4
156 4
105 4
269 4
224 4
54 4
299 8
195 4
377 4
126 0
66 6
435 9
140 3
155 6
104 0
150 0
136 6
530 0
945 9
28 0
172 0
61 3
515 3
1266 3
411 2
946 0
622 5
84 3
481 3
508 3
90 3
262 3
81 3
618 3
1261 3
352 0
376 0
127 0
119 0
243 6
311 3
128 3
388 1
263 4
461 3
741 3
678 9
288 1
504 1
671 1
495 4
533 1
709 1
500 1
951 1
584 1
309 1
627 1
316 1
148 1
459 1
455 1
781 1
13 0
87 0
756 0
615 0
526 0
1095 0
170 0
404 0
1028 0
418 0
181 0
603 0
302 0
697 0
1202 0
1092 0
570 0
249 0
1238 0
100 0
1056 0
478 0
367 0
375 0
368 0
276 0
201 0
188 0
317 0
489 0
430 0
115 0
551 0
529 0
528 0
279 0
643 0
624 0
669 0
401 0
519 9
321 5
630 12
29 12
190 0
97 6
305 6
724 1
344 5
578 1
673 1
1145 1
143 3
666 3
228 3
467 3
726 4
241 4
163 4
17 5
245 5
165 5
40 5
63 5
191 5
44 5
109 5
30 5
298 5
162 5
83 5
55 5
134 5
27 5
628 5
365 5
452 5
178 5
719 5
154 5
1252 5
282 5
286 5
324 5
745 5
176 5
281 5
169 5
422 5
516 5
665 5
160 5
674 5
116 5
111 5
400 5
49 5
648 5
827 5
431 5
123 5
914 5
809 5
725 5
465 5
1163 5
572 5
18 5
207 5
208 5
863 5
819 5
1172 5
407 5
261 5
323 5
784 5
361 5
705 5
660 5
338 5
374 5
547 5
204 5
71 5
142 5
444 5
913 5
1212 5
752 5
527 5
168 5
722 5
1032 5
511 5
177 5
326 5
625 5
1097 5
545 0
20 6
161 6
240 6
759 6
480 6
359 6
667 6
417 6
218 6
285 6
42 6
332 6
391 6
331 6
222 6
657 6
659 6
386 6
591 6
166 6
343 6
420 6
835 6
248 3
187 6
185 6
297 6
664 6
34 6
825 6
327 6
607 6
328 6
612 6
231 6
325 6
183 6
398 3
1052 3
330 3
1125 3
629 0
1079 0
1017 2
304 3
239 3
132 5
514 5
721 5
259 5
1051 5
694 5
562 5
479 5
457 5
315 5
599 5
555 5
290 0
585 0
929 0
693 0
355 0
639 0
749 0
477 0
1100 12
1075 12
1073 12
1066 12
1072 12
1071 12
1070 12
1069 12
1068 12
1067 12
1065 12
1064 12
1063 12
1076 12
1074 12
978 12
761 12
647 12
1205 12
1219 12
424 8
521 12
543 12
855 12
1026 12
1023 5
212 5
217 0
503 5
943 5
1088 5
356 5
806 5
1034 5
264 12
194 6
953 2
112 2
538 2
818 2
684 2
65 2
306 2
449 2
895 6
372 6
744 6
995 6
772 6
419 0
549 0
490 12
413 0
771 0
1007 0
695 1
117 1
641 2
732 2
174 2
580 2
683 2
253 5
803 5
720 5
358 1
91 4
566 6
958 6
859 6
213 11
60 6
43 4
889 4
363 4
295 4
382 4
102 4
510 4
347 4
499 4
610 4
565 4
534 4
427 4
94 4
348 4
548 4
830 4
496 4
416 5
1096 5
1030 5
351 2
470 2
171 2
520 2
378 2
448 2
718 15
523 2
934 1
552 1
579 2
764 2
710 2
1180 2
408 2
649 2
794 2
542 5
1061 5
1128 5
85 1
623 1
349 1
412 1
423 4
736 1
626 1
272 1
715 1
51 8
737 7
303 8
763 8
235 8
940 8
919 8
1013 8
798 7
598 0
887 8
220 5
993 8
1081 8
1156 8
805 4
920 8
670 8
1103 8
663 8
753 9
740 8
200 8
817 8
1035 8
289 4
152 9
790 8
445 8
1133 8
1042 8
907 8
712 8
1083 8
524 8
644 1
392 1
300 1
654 4
911 5
1089 1
138 2
484 2
758 2
927 1
59 9
488 9
498 9
766 9
880 9
852 9
640 9
793 9
637 9
896 9
716 9
593 9
466 9
366 4
265 2
1174 9
949 9
879 9
609 6
364 6
144 6
822 6
320 6
788 6
353 6
903 6
795 6
234 6
568 6
387 6
450 3
1084 3
232 2
385 4
937 4
687 2
746 6
1018 6
1003 6
583 1
255 5
964 5
464 4
878 4
611 4
661 4
891 4
1127 4
698 4
904 2
952 4
700 4
933 4
517 4
437 4
79 8
922 8
1184 8
1124 8
901 8
1144 8
1207 8
692 7
1005 8
650 7
1126 8
1192 8
1009 8
1159 8
1283 8
1150 8
704 1
1216 8
433 5
287 5
313 5
532 5
602 3
1189 3
677 3
1273 0
469 0
475 0
371 4
883 4
656 4
972 4
405 4
731 4
537 4
210 4
252 4
884 4
735 4
196 4
381 6
915 6
203 2
872 0
357 0
268 1
1258 3
923 4
1010 4
1157 4
826 4
292 4
865 4
487 4
1134 4
370 4
544 0
944 20
601 0
1000 4
808 8
296 2
1090 5
114 0
837 9
963 0
655 0
384 6
956 1
1006 0
1120 4
1229 4
685 4
1060 5
811 5
1093 3
942 0
129 12
739 12
843 12
247 12
139 12
821 12
696 12
864 12
813 12
426 12
587 12
728 12
554 12
970 12
810 12
415 5
688 5
1196 5
1223 3
779 0
976 12
691 12
1136 12
638 12
436 12
494 12
350 3
493 5
894 5
267 4
997 4
686 4
893 4
681 4
645 1
621 1
428 1
600 0
1271 6
1087 4
796 16
950 1
801 1
653 13
586 1
888 5
747 5
345 5
832 5
1050 5
828 4
293 9
831 1
167 1
833 1
1114 5
1048 5
675 2
703 10
492 2
783 5
646 5
834 5
1264 1
965 0
1019 0
238 6
820 6
550 6
905 6
979 2
186 11
844 11
1253 11
447 11
1091 11
1021 11
742 11
604 11
1058 15
986 11
595 11
575 0
189 12
714 12
1039 12
258 12
792 12
690 12
990 12
396 12
1167 12
727 12
877 12
1094 0
472 12
857 4
898 4
594 4
636 4
807 4
1233 8
680 8
760 8
202 9
512 0
842 13
733 9
205 4
985 4
711 4
815 4
1118 4
1182 1
926 11
608 11
973 11
799 11
892 11
502 11
917 11
925 11
1036 11
1024 11
871 1
984 6
219 5
1113 5
1053 5
812 5
1046 5
225 4
560 4
672 1
483 6
567 6
839 6
897 6
605 4
768 8
242 13
614 13
912 13
346 13
522 13
438 13
394 13
476 13
505 13
906 4
397 12
679 4
1109 4
1169 5
573 12
486 12
460 12
769 12
1224 12
513 5
294 4
1055 2
1235 2
266 5
337 5
442 5
631 4
651 4
395 1
274 4
738 4
848 0
1210 5
750 0
558 0
1004 0
751 9
577 9
1155 4
730 4
816 4
1037 4
1230 4
541 4
403 4
314 14
540 14
339 14
354 14
441 14
535 14
439 14
440 14
882 1
977 6
329 12
948 12
536 6
1255 1
960 14
874 16
341 16
1276 16
921 16
491 16
1234 16
939 16
975 16
342 0
676 0
774 1
754 0
862 5
456 13
770 4
482 0
924 0
360 5
1194 5
1130 5
992 4
1203 0
501 6
373 5
1062 0
966 6
868 4
383 12
869 12
876 12
762 9
849 0
619 0
432 11
932 15
1011 11
1002 11
434 0
1161 0
443 6
998 6
1105 6
1142 6
1123 6
446 15
576 15
717 15
941 15
1153 15
1154 15
708 15
928 15
1040 15
838 11
782 2
458 0
1122 1
866 12
1086 12
1280 12
462 8
1244 8
1033 4
581 4
1151 0
485 5
1211 5
1217 4
875 16
1146 16
1246 12
1208 11
1001 13
1176 1
1139 12
988 12
860 12
824 13
1022 0
539 0
635 4
1077 4
982 0
1137 4
996 4
571 2
620 2
1200 0
1059 15
886 15
841 15
1198 9
582 2
1160 9
1170 11
596 7
1038 7
1282 7
1016 7
840 7
597 4
789 4
1236 0
1043 0
1197 0
777 12
1162 4
983 0
642 11
780 11
1166 7
652 0
1020 0
1193 0
662 3
668 6
1015 2
682 12
1045 12
1284 0
699 2
967 2
702 2
885 10
867 10
706 0
707 13
713 6
1227 15
1259 15
1249 5
729 4
1231 4
734 1
1178 1
1239 11
757 15
1047 2
778 4
1031 5
787 5
791 9
881 9
1220 9
797 0
800 3
802 0
1044 0
1008 4
823 0
1129 1
836 4
1278 4
845 12
954 0
853 5
856 0
1237 0
858 4
861 4
873 0
890 1
1014 8
902 17
1225 17
1164 17
1243 17
910 0
1029 0
916 11
1041 15
930 4
931 5
935 20
1213 20
936 11
938 4
955 4
957 3
959 12
1158 12
961 4
968 9
969 16
1257 16
971 12
981 2
1098 0
987 4
991 13
994 12
999 0
1012 15
1027 0
1049 2
1054 18
1221 18
1185 18
1057 11
1251 0
1082 11
1099 0
1101 19
1254 19
1102 1
1106 0
1107 6
1108 6
1110 5
1111 5
1112 8
1115 0
1116 0
1117 9
1119 0
1121 0
1131 20
1132 4
1135 12
1138 6
1140 2
1141 2
1143 2
1147 2
1148 5
1152 2
1165 9
1168 7
1171 5
1173 12
1175 0
1177 0
1179 21
1215 21
1181 0
1183 11
1186 2
1187 11
1188 11
1190 15
1191 15
1195 3
1199 0
1201 2
1206 1
1209 8
1214 12
1218 8
1222 6
1228 11
1232 0
1240 4
1241 8
1242 1
1245 12
1248 3
1256 4
1260 12
1262 6
1263 5
1265 5
1267 5
1268 13
1269 0
1270 6
1272 6
1274 22
1204 22
1275 2
1277 12
1279 9
1281 5
